0.000649 0.000745 0.000130 0.000364 0.000695 0.000397 0.001242 0.000102 0.000356 0.000485 0.001484 0.000730 0.000333 0.001537 0.002355 0.004977 0.000122 0.000345 0.000544 0.002247 0.001089 0.005252 0.000662 0.000403 0.001268 0.001988 0.004500 0.005002 0.027316 0.000099 0.000326 0.000512 0.001854 0.000917 0.005185 0.005493 0.000331 0.001528 0.002218 0.004375 0.005012 0.027220 0.000409 0.002407 0.000961 0.004961 0.006355 0.001579 0.005093 0.005147 0.027127 0.000927 0.005136 0.005402 0.004978 0.027216 0.006261 0.584056 0.189597 1
0.001325 0.001231 0.000233 0.000595 0.001127 0.000616 0.001830 0.000167 0.000532 0.000775 0.002333 0.001219 0.000542 0.002361 0.003633 0.004871 0.000224 0.000554 0.001061 0.004400 0.001437 0.003713 0.001150 0.000663 0.001849 0.003047 0.005105 0.003566 0.014868 0.000168 0.000533 0.000977 0.002936 0.001125 0.003659 0.003625 0.000534 0.002402 0.004149 0.004745 0.003530 0.014866 0.000674 0.003865 0.001223 0.003572 0.003959 0.002495 0.004903 0.003600 0.014770 0.001150 0.003517 0.003519 0.003481 0.014885 0.003835 0.692737 0.129540 1
0.001303 0.001213 0.000157 0.000444 0.001216 0.000484 0.001654 0.000163 0.000457 0.000524 0.001999 0.001200 0.000427 0.001537 0.002269 0.004988 0.000172 0.000430 0.000686 0.002307 0.001121 0.004700 0.001250 0.000474 0.001533 0.003576 0.004714 0.004396 0.020298 0.000172 0.000460 0.000761 0.003589 0.001109 0.004621 0.004458 0.000488 0.001528 0.002124 0.004685 0.004387 0.020377 0.000539 0.002084 0.001006 0.004415 0.004905 0.001871 0.004802 0.004624 0.020125 0.001052 0.004579 0.004437 0.004406 0.020362 0.004826 0.637992 0.163524 2
0.002924 0.002817 0.000316 0.000776 0.002593 0.000898 0.002785 0.000326 0.000846 0.000918 0.003418 0.002798 0.000793 0.002626 0.003931 0.006207 0.000343 0.000777 0.001093 0.003916 0.001626 0.004404 0.002566 0.000908 0.002621 0.006270 0.006298 0.004206 0.018229 0.000321 0.000791 0.001198 0.006363 0.001630 0.004357 0.004934 0.000858 0.002585 0.003643 0.006208 0.004195 0.018420 0.000832 0.003589 0.001432 0.004155 0.005581 0.003106 0.005859 0.004307 0.018126 0.001514 0.004252 0.004902 0.004227 0.018258 0.005559 0.526937 0.243630 2
0.002106 0.002304 0.000306 0.000715 0.001866 0.000805 0.002172 0.000275 0.000744 0.000758 0.002349 0.002300 0.000656 0.002255 0.002813 0.006402 0.000316 0.000689 0.000822 0.002941 0.001340 0.005471 0.001876 0.000804 0.002135 0.002253 0.005395 0.005286 0.023123 0.000282 0.000679 0.000791 0.002216 0.001237 0.005441 0.005259 0.000727 0.002282 0.002816 0.005219 0.005197 0.023561 0.000710 0.002671 0.001270 0.005244 0.006473 0.002300 0.006256 0.005375 0.023300 0.001172 0.005365 0.005274 0.005265 0.023562 0.006414 0.518110 0.244251 3
0.005740 0.004739 0.000564 0.001100 0.003871 0.001295 0.002946 0.000483 0.001138 0.001179 0.003301 0.004710 0.001047 0.003419 0.005021 0.006665 0.000579 0.001128 0.001542 0.005940 0.001985 0.004269 0.003869 0.001305 0.002894 0.003669 0.006469 0.004157 0.015591 0.000509 0.001074 0.001364 0.003745 0.001709 0.004189 0.004718 0.001132 0.003520 0.005690 0.005977 0.004104 0.015929 0.001140 0.004805 0.001908 0.004156 0.005784 0.003239 0.006399 0.004204 0.015697 0.001643 0.004125 0.004633 0.004167 0.015975 0.005778 0.534205 0.227866 3
0.000236 0.000251 0.000049 0.000172 0.000269 0.000185 0.000733 0.000032 0.000146 0.000279 0.000910 0.000241 0.000151 0.000858 0.001501 0.003061 0.000052 0.000154 0.000407 0.001347 0.000661 0.003652 0.000290 0.000235 0.000661 0.001659 0.003372 0.003461 0.022668 0.000032 0.000137 0.000366 0.001673 0.000613 0.003640 0.004616 0.000143 0.000833 0.001151 0.002950 0.003499 0.022867 0.000260 0.001635 0.000578 0.003422 0.005189 0.001044 0.003239 0.003576 0.022678 0.000601 0.003520 0.004487 0.003458 0.022707 0.005084 0.734200 0.094110 4
0.000519 0.000507 0.000073 0.000223 0.000489 0.000262 0.000936 0.000046 0.000188 0.000364 0.001217 0.000453 0.000186 0.001027 0.001733 0.002870 0.000072 0.000208 0.000583 0.001851 0.000693 0.002396 0.000538 0.000287 0.000830 0.002059 0.003091 0.002179 0.009183 0.000055 0.000191 0.000546 0.002147 0.000634 0.002378 0.002142 0.000208 0.001023 0.001722 0.002940 0.002281 0.009435 0.000327 0.001835 0.000582 0.002184 0.002241 0.001277 0.003019 0.002287 0.009198 0.000647 0.002234 0.001922 0.002145 0.009201 0.002007 0.852305 0.045826 4
0.000504 0.000501 0.000096 0.000242 0.000477 0.000243 0.000711 0.000074 0.000250 0.000397 0.001064 0.000488 0.000261 0.001479 0.002395 0.004207 0.000102 0.000221 0.000310 0.002577 0.001008 0.004209 0.000463 0.000249 0.000716 0.000779 0.002991 0.003924 0.018144 0.000074 0.000293 0.000333 0.000777 0.000575 0.004038 0.003373 0.000248 0.001700 0.002964 0.003019 0.003717 0.017890 0.000333 0.002550 0.000959 0.003841 0.003940 0.001093 0.003902 0.004073 0.018111 0.000571 0.004022 0.003376 0.003762 0.017907 0.003922 0.742749 0.096806 5
0.001322 0.001311 0.000277 0.000658 0.001134 0.000634 0.001601 0.000176 0.000577 0.000978 0.002122 0.001239 0.000572 0.003744 0.005790 0.005872 0.000310 0.000627 0.000824 0.006936 0.002026 0.004220 0.001142 0.000652 0.001586 0.001606 0.004703 0.004108 0.016572 0.000187 0.000724 0.000932 0.001630 0.000996 0.004021 0.003773 0.000604 0.004114 0.007094 0.004838 0.003784 0.016326 0.000871 0.006318 0.002015 0.004178 0.004288 0.002328 0.005636 0.004129 0.016487 0.000998 0.003974 0.003680 0.003862 0.016355 0.004342 0.666424 0.131774 5
0.003382 0.003406 0.000424 0.000900 0.002837 0.000986 0.002614 0.000392 0.000974 0.000759 0.002244 0.003417 0.000878 0.002897 0.003095 0.006755 0.000431 0.000923 0.000713 0.002831 0.001454 0.005645 0.002801 0.001035 0.002625 0.002383 0.005431 0.005501 0.025282 0.000389 0.000896 0.000691 0.002410 0.001313 0.005628 0.006279 0.000990 0.002980 0.002603 0.005519 0.005567 0.025396 0.000719 0.003237 0.001344 0.005550 0.007439 0.002349 0.006664 0.005533 0.025237 0.001228 0.005498 0.006154 0.005513 0.025235 0.007337 0.417436 0.319852 6
0.006510 0.005199 0.000623 0.001244 0.004121 0.001354 0.003109 0.000573 0.001280 0.001086 0.002786 0.005173 0.001213 0.003850 0.004737 0.006454 0.000634 0.001231 0.001138 0.005035 0.001918 0.004410 0.004120 0.001397 0.003060 0.002859 0.005325 0.004339 0.016875 0.000559 0.001203 0.001061 0.003057 0.001545 0.004408 0.005060 0.001288 0.003969 0.004453 0.005133 0.004286 0.017033 0.000973 0.004672 0.001665 0.004326 0.006350 0.002795 0.006494 0.004224 0.016751 0.001373 0.004226 0.004805 0.004305 0.016900 0.006292 0.491356 0.267786 6
0.000264 0.000258 0.000054 0.000155 0.000293 0.000189 0.000612 0.000043 0.000160 0.000263 0.000788 0.000256 0.000155 0.000729 0.001288 0.003076 0.000054 0.000144 0.000380 0.001497 0.000748 0.003731 0.000285 0.000187 0.000559 0.001240 0.003043 0.003476 0.022209 0.000038 0.000135 0.000391 0.001327 0.000657 0.003723 0.004472 0.000151 0.000675 0.001254 0.002879 0.003476 0.022394 0.000216 0.001356 0.000595 0.003424 0.005038 0.000873 0.003065 0.003660 0.022231 0.000592 0.003631 0.004377 0.003466 0.022213 0.004916 0.728734 0.103904 7
0.000725 0.000748 0.000128 0.000351 0.000704 0.000397 0.001222 0.000108 0.000358 0.000502 0.001425 0.000738 0.000337 0.001360 0.001980 0.004399 0.000111 0.000335 0.000621 0.002313 0.001101 0.003942 0.000695 0.000415 0.001147 0.001881 0.003789 0.003627 0.016152 0.000103 0.000327 0.000706 0.002000 0.000959 0.003911 0.003342 0.000368 0.001357 0.002032 0.003750 0.003628 0.016142 0.000473 0.002226 0.000856 0.003617 0.003939 0.001617 0.004465 0.003763 0.016116 0.000852 0.003754 0.003292 0.003589 0.016089 0.003747 0.727409 0.113960 7
0.003073 0.003131 0.000447 0.000895 0.002719 0.000986 0.002442 0.000382 0.000914 0.000714 0.001924 0.003116 0.000878 0.002964 0.003065 0.006401 0.000430 0.000891 0.000739 0.003666 0.001507 0.005714 0.002796 0.001001 0.002412 0.002178 0.005446 0.005609 0.025784 0.000376 0.000863 0.000750 0.002106 0.001199 0.005706 0.006388 0.000921 0.003057 0.003458 0.005436 0.005621 0.026193 0.000659 0.003074 0.001349 0.005650 0.007389 0.001978 0.006315 0.005665 0.025886 0.001109 0.005570 0.006331 0.005531 0.025856 0.007252 0.427571 0.308515 8
0.004376 0.003673 0.000582 0.001036 0.003118 0.001108 0.002436 0.000434 0.000977 0.001026 0.002571 0.003566 0.000970 0.003455 0.004539 0.006118 0.000548 0.001002 0.000998 0.005696 0.002058 0.004448 0.003146 0.001125 0.002481 0.002607 0.005397 0.004375 0.018083 0.000426 0.000981 0.001052 0.002552 0.001358 0.004469 0.005125 0.000986 0.003794 0.005185 0.005401 0.004399 0.018509 0.000898 0.004783 0.001765 0.004421 0.005955 0.002732 0.006168 0.004344 0.018112 0.001275 0.004249 0.004978 0.004232 0.018132 0.005811 0.514571 0.251391 8
0.003368 0.003458 0.000479 0.000996 0.002900 0.001104 0.002621 0.000392 0.001014 0.000685 0.001985 0.003413 0.000949 0.003272 0.002968 0.006605 0.000463 0.000973 0.000853 0.004362 0.001592 0.005636 0.002928 0.001081 0.002673 0.001810 0.006108 0.005565 0.025036 0.000400 0.000964 0.000835 0.001942 0.001253 0.005547 0.006361 0.001001 0.003334 0.003803 0.006038 0.005487 0.025368 0.000703 0.003144 0.001454 0.005581 0.007458 0.002062 0.006696 0.005517 0.025040 0.001205 0.005456 0.006264 0.005497 0.025236 0.007321 0.411047 0.322700 9
0.008588 0.006284 0.000807 0.001456 0.005009 0.001504 0.003043 0.000642 0.001368 0.001030 0.002487 0.006228 0.001310 0.004372 0.004818 0.005820 0.000811 0.001392 0.001270 0.007152 0.002163 0.004115 0.005092 0.001641 0.003129 0.002316 0.005552 0.004199 0.015581 0.000656 0.001324 0.001166 0.002483 0.001439 0.004100 0.005230 0.001375 0.004425 0.006158 0.005355 0.004072 0.016173 0.001087 0.005149 0.001859 0.004197 0.006390 0.002748 0.006247 0.004009 0.015610 0.001408 0.003935 0.005024 0.004097 0.016116 0.006289 0.491145 0.261556 9
0.000478 0.000521 0.000113 0.000292 0.000511 0.000294 0.000959 0.000075 0.000256 0.000406 0.001622 0.000515 0.000274 0.001351 0.002313 0.004287 0.000098 0.000271 0.000553 0.003878 0.000952 0.004345 0.000505 0.000303 0.000942 0.001339 0.004300 0.004199 0.018561 0.000074 0.000257 0.000479 0.001314 0.000733 0.004242 0.003645 0.000271 0.001521 0.003710 0.004048 0.004072 0.018489 0.000441 0.002383 0.000904 0.004222 0.003939 0.001702 0.004325 0.004316 0.018642 0.000731 0.004292 0.003722 0.004099 0.018446 0.003829 0.729920 0.096720 10
0.002978 0.002520 0.000396 0.000832 0.002200 0.000891 0.002299 0.000291 0.000762 0.000897 0.003208 0.002491 0.000777 0.003078 0.005523 0.005807 0.000361 0.000808 0.001255 0.007373 0.001880 0.004301 0.002225 0.000919 0.002322 0.003272 0.006318 0.004293 0.018612 0.000311 0.000788 0.001142 0.003045 0.001417 0.004211 0.004858 0.000798 0.003421 0.007513 0.005919 0.004173 0.018704 0.000984 0.005661 0.001790 0.004265 0.005380 0.003450 0.005915 0.004275 0.018562 0.001434 0.004239 0.005044 0.004185 0.018628 0.005309 0.557153 0.208537 10
